[[0,0.025622424146169376,0.0070801870066400175,0.026134185362049676,0.02922980308017605,0.033074140905268404,0.039799917559985354,0.030394803031762254,0.0,0.0,0.0,0.05289676161486428,0.0,0.0,0.0,0.0,0.0,0.0,0.0,0.0,0.0,0.0,0.0,0.0,0.0,0.0,0.0,0.0,0.0,0.0,0.0044774800020336795,0.0,0.0,0.0,0.0,0.0],[0.025622424146169376,0,0.00903982066518666,0.03336752951329031,0.037319943339873235,0.04222830585665944,0.05081562349893646,0.038807388604724824,0.0,0.025341291584190042,0.0,0.0,0.0,0.03935971175673584,0.012365644512658492,0.0,0.0,0.0,0.0,0.0,0.0,0.0,0.0,0.0,0.03358643508247489,0.0,0.0,0.0,0.022078028233370735,0.021287390726786513,0.0,0.0,0.0,0.0,0.0,0.0],[0.0070801870066400175,0.00903982066518666,0,0.009220374604523716,0.010312536254030264,0.0116688530614087,0.014041767288645474,0.01072355866850641,0.0,0.0,0.014537011116180725,0.0,0.0,0.0,0.007867578868874087,0.0,0.0,0.0,0.0,0.008991645050269097,0.0,0.0,0.018715840274819543,0.0,0.057823650609642535,0.0,0.0,0.0,0.0,0.0,0.019194413341670064,0.002732722637305598,0.0013649681396972909,0.001549239083528978,0.011902221450422398,0.0],[0.026134185362049676,0.03336752951329031,0.009220374604523716,0,0.03806534117854935,0.04307173928928412,0.05183057294787136,0.03958249545114171,0.0,0.0,0.0,0.0,0.0,0.0,0.0,0.0,0.0,0.0,0.0,0.0,0.0,0.0,0.0,0.0,0.0,0.0,0.0,0.0,0.0,0.0,0.0,0.0,0.0,0.0,0.0,0.0],[0.02922980308017605,0.037319943339873235,0.010312536254030264,0.03806534117854935,0,0.31115144169227604,0.37442549947081316,0.04427107757255514,0.0,0.0,0.0,0.0,0.0,0.0,0.0,0.0,0.0,0.0,0.0,0.0,0.0,0.0,0.0,0.0,0.0,0.0,0.0,0.0,0.0,0.0,0.0,0.0,0.0,0.0,0.0,0.0],[0.033074140905268404,0.04222830585665944,0.0116688530614087,0.04307173928928412,0.31115144169227604,0,0.45866603521820765,0.05009366137864305,0.031276368154390985,0.08833177072698548,0.04252326417617851,0.03778463898525442,0.05200066190445765,0.0,0.050286537990661975,0.047604596979452754,0.0,0.0,0.0,0.04926097428681064,0.0,0.0,0.0,0.0,0.0,0.0,0.0,0.04196583707318558,0.05130470748462044,0.0,0.0,0.0,0.0,0.0,0.0,0.0],[0.039799917559985354,0.05081562349893646,0.014041767288645474,0.05183057294787136,0.37442549947081316,0.45866603521820765,0,0.06028043476195731,0.03763655956131661,0.10629443718375002,0.051170562931350284,0.04546831680236898,0.06257523249930927,0.0,0.060512533708369544,0.057285207820976104,0.0,0.0,0.0,0.0592784169709853,0.0,0.0,0.0,0.0,0.0,0.0,0.0,0.050499780497171125,0.06173775258972178,0.0,0.0,0.0,0.0,0.0,0.0,0.0],[0.030394803031762254,0.038807388604724824,0.01072355866850641,0.03958249545114171,0.04427107757255514,0.05009366137864305,0.06028043476195731,0,0.0,0.0,0.0,0.0,0.0,0.0,0.0,0.0,0.0,0.0,0.0,0.0,0.0,0.0,0.0,0.0,0.0,0.0,0.0,0.0,0.0,0.0,0.0,0.0,0.0,0.0,0.026964939416218355,0.0],[0.0,0.0,0.0,0.0,0.0,0.031276368154390985,0.03763655956131661,0.0,0,0.09658840771138577,0.08568375269271977,0.04131648313510296,0.07716409836021892,0.002470794989171387,0.05485759735733627,0.05184001095795582,6.635430824216888E-4,0.0014271382453744535,0.002277955165820935,0.053865546105496216,0.065865515129658,0.0013785522642709154,0.001180894362327586,0.0023026864699925817,0.002108379147154383,0.0013331854182449074,0.002849942451691368,0.0458885104171937,0.056562293908096806,0.0013363100488477636,0.0,0.0,0.0,0.0,0.0,0.0],[0.0,0.025341291584190042,0.0,0.0,0.0,0.08833177072698548,0.10629443718375002,0.0,0.09658840771138577,0,0.12951896932419313,0.11540618834733707,0.15870045320541645,0.028045704651960855,0.16154948195230753,0.14519765916794813,6.246668958345914E-4,0.0013435239418234735,0.002144492528036675,0.150458531016681,0.0023434544080492034,0.001297784554583901,0.0011117071900313292,0.0021677748550115276,0.0239319648593246,0.0012550756971914847,0.002682967770695399,0.12817688424419665,0.17156257479724665,0.01516829891499837,0.0,0.0,0.0,0.0,0.0,0.0],[0.0,0.0,0.014537011116180725,0.0,0.0,0.04252326417617851,0.051170562931350284,0.0,0.08568375269271977,0.12951896932419313,0,0.10320521594439297,0.07621713281794355,5.598810126710233E-4,0.07836145718303705,0.06975302593640258,0.05404384028838132,3.2338887262749416E-4,0.05385727131516088,0.09780221553161503,5.640741154522258E-4,3.1237931156674956E-4,0.018702307571017217,5.217876992358928E-4,4.777577488932584E-4,0.012329103818035626,6.457956539899804E-4,0.08376486955791375,0.0895787789027543,0.0677267294016742,0.028233966420358653,0.03610780480858261,0.023826416810278438,0.021068133608416945,0.04107363744480119,0.0],[0.05289676161486428,0.0,0.0,0.0,0.0,0.03778463898525442,0.04546831680236898,0.0,0.04131648313510296,0.11540618834733707,0.10320521594439297,0,0.08075440474116936,9.949801525501998E-4,0.0780924567727858,0.062109488896376026,2.6720638509671437E-4,5.747033789999328E-4,9.173242573035721E-4,0.0643598699531132,0.0010024318323723033,5.551379811817951E-4,4.755418632156175E-4,9.272834635126321E-4,8.490366115615489E-4,5.368689173470748E-4,0.001147661456240097,0.07579572843258563,0.06721606221050266,0.019074354783634416,0.04084459485145567,0.014016337348426373,0.03051363567495503,0.03804576247198471,0.0,0.0],[0.0,0.0,0.0,0.0,0.0,0.05200066190445765,0.06257523249930927,0.0,0.07716409836021892,0.15870045320541645,0.07621713281794355,0.08075440474116936,0,0.0011737111294187993,0.5622275162239369,0.08542654120955674,3.152053910180443E-4,6.779389019147081E-4,0.001082105695599506,0.08850427066406454,0.031288345852809034,6.548589187494199E-4,5.609647347539046E-4,0.0010938539009660055,0.0010015513552905147,6.333081335484139E-4,0.0013538189887923682,0.07539753033191014,0.09239558132643329,6.347924386931013E-4,0.04806705994368285,0.012161684977578214,0.0,0.004810614577993796,0.0,0.0],[0.0,0.03935971175673584,0.0,0.0,0.0,0.0,0.0,0.0,0.002470794989171387,0.028045704651960855,5.598810126710233E-4,9.949801525501998E-4,0.0011737111294187993,0,0.013685301425185623,9.401762945887468E-4,9.70223198069495E-4,0.002086741116282989,0.0033307934399309375,0.0012971856560490115,0.0036398180301675707,0.0020156993901066303,0.0017266868348897702,0.0033669551989206807,0.037170766750618804,0.0019493646371663421,0.0041671450626875476,0.0011050833379477338,0.024434187068707744,0.02355917302600371,0.0,0.0,0.0,0.0,0.0,0.0],[0.0,0.012365644512658492,0.007867578868874087,0.0,0.0,0.050286537990661975,0.060512533708369544,0.0,0.05485759735733627,0.16154948195230753,0.07836145718303705,0.0780924567727858,0.5622275162239369,0.013685301425185623,0,0.08261058326215223,0.006372379618766863,6.55591661681507E-4,0.0010464357025234637,0.09637596451120074,0.0011435219884229583,6.332724755835006E-4,0.019228408586143744,0.0010577966459008772,0.01167794344485862,6.124320797298838E-4,0.0013091923740792052,0.07291216370291377,0.09638972318517028,0.007401587706035952,0.013947340339361968,0.018915307288125148,0.0,0.020030299389122524,0.007248060918680033,0.0],[0.0,0.0,0.0,0.0,0.0,0.047604596979452754,0.057285207820976104,0.0,0.05184001095795582,0.14519765916794813,0.06975302593640258,0.062109488896376026,0.08542654120955674,9.401762945887468E-4,0.08261058326215223,0,0.01170667735477189,5.430485140541817E-4,8.667977134594487E-4,0.08097401530514393,9.472175332563228E-4,0.013879594241226237,4.4934884955640425E-4,8.762083630756047E-4,8.022713753456991E-4,5.072979879021043E-4,0.0010844478581854933,0.08879458756075453,0.0845092461306423,5.084869589154933E-4,8.725632928032877E-4,0.002002345381765719,0.0,0.0,0.0,0.0],[0.0,0.0,0.0,0.0,0.0,0.0,0.0,0.0,6.635430824216888E-4,6.246668958345914E-4,0.05404384028838132,2.6720638509671437E-4,3.152053910180443E-4,9.70223198069495E-4,0.006372379618766863,0.01170667735477189,0,5.604036913555697E-4,8.944995257509846E-4,3.483650292558759E-4,9.774894662553085E-4,0.05419887704701709,0.03878906405033112,9.042109284092405E-4,8.279110034868486E-4,0.025758649761697314,0.05506411070018567,2.9677508964052085E-4,0.022210685194915532,5.24737590487135E-4,0.012413024701999982,0.015026203234869468,0.005858214749738185,0.0,0.003580394549189378,0.0],[0.0,0.0,0.0,0.0,0.0,0.0,0.0,0.0,0.0014271382453744535,0.0013435239418234735,3.2338887262749416E-4,5.747033789999328E-4,6.779389019147081E-4,0.002086741116282989,6.55591661681507E-4,5.430485140541817E-4,5.604036913555697E-4,0,0.0019238758077463674,7.492581412914152E-4,0.002102369294021313,0.0011642737270419448,9.973392493734027E-4,0.0019447629430612982,0.0017806582392965713,0.001125958584210002,0.002406954894699361,6.382992934756501E-4,0.0011705149053371049,0.0011285975304523052,0.0,0.0,0.0,0.0,0.013325586102322191,0.0],[0.0,0.0,0.0,0.0,0.0,0.0,0.0,0.0,0.002277955165820935,0.002144492528036675,0.05385727131516088,9.173242573035721E-4,0.001082105695599506,0.0033307934399309375,0.0010464357025234637,8.667977134594487E-4,8.944995257509846E-4,0.0019238758077463674,0,0.001195943321552809,0.0033557386674355396,0.0018583787236736236,0.0015919229286648505,0.003104172147864513,0.002842233152894695,0.0017972212444833083,0.003841909047038241,0.0010188341442221,0.001868340704851235,0.0018014334511454607,0.0019768631562334647,0.004536476429749677,0.0,0.0,0.0,0.0],[0.0,0.0,0.008991645050269097,0.0,0.0,0.04926097428681064,0.0592784169709853,0.0,0.053865546105496216,0.150458531016681,0.09780221553161503,0.0643598699531132,0.08850427066406454,0.0012971856560490115,0.09637596451120074,0.08097401530514393,3.483650292558759E-4,7.492581412914152E-4,0.001195943321552809,0,0.0013069006359447688,7.23750141619733E-4,6.199782802029282E-4,0.0012089274392831123,0.001106914656694653,0.014632587111686912,0.0014962408800007327,0.28174909187391783,0.08763160906484813,0.009988265470065805,0.014224889934667495,0.012866960227403593,0.012830867231957303,0.012258708978161423,0.01248907084750377,0.0],[0.0,0.0,0.0,0.0,0.0,0.0,0.0,0.0,0.065865515129658,0.0023434544080492034,5.640741154522258E-4,0.0010024318323723033,0.031288345852809034,0.0036398180301675707,0.0011435219884229583,9.472175332563228E-4,9.774894662553085E-4,0.002102369294021313,0.0033557386674355396,0.0013069006359447688,0,0.002030795516832561,0.001739618467157672,0.0033921712517770296,0.003105930062135776,0.0019639639646961055,0.0041983539573572735,0.0394639342262874,0.0020416817514071106,0.001968566971767001,0.0,0.0,0.0,0.0,0.0,0.0],[0.0,0.0,0.0,0.0,0.0,0.0,0.0,0.0,0.0013785522642709154,0.001297784554583901,3.1237931156674956E-4,5.551379811817951E-4,6.548589187494199E-4,0.0020156993901066303,6.332724755835006E-4,0.013879594241226237,0.05419887704701709,0.0011642737270419448,0.0018583787236736236,7.23750141619733E-4,0.002030795516832561,0,0.04740211269138407,0.0018785547702310304,0.0017200369029637184,0.053515206313284346,0.11439913473103544,6.165688146578306E-4,0.0011306654967346494,0.0010901751712549539,0.03299934176409482,0.005709472348381547,0.030575907023083364,0.06359256940173512,0.0326578115936769,0.0],[0.0,0.0,0.018715840274819543,0.0,0.0,0.0,0.0,0.0,0.001180894362327586,0.0011117071900313292,0.018702307571017217,4.755418632156175E-4,5.609647347539046E-4,0.0017266868348897702,0.019228408586143744,4.4934884955640425E-4,0.03878906405033112,9.973392493734027E-4,0.0015919229286648505,6.199782802029282E-4,0.001739618467157672,0.04740211269138407,0,0.0016092061178853197,0.0014734166664181585,0.0458421541729344,0.09799649731124369,5.281646957371698E-4,9.685497934156468E-4,9.33865002474427E-4,0.011308232182316498,0.0,0.0,0.0,0.023770251830371725,0.0],[0.0,0.0,0.0,0.0,0.0,0.0,0.0,0.0,0.0023026864699925817,0.0021677748550115276,5.217876992358928E-4,9.272834635126321E-4,0.0010938539009660055,0.0033669551989206807,0.0010577966459008772,8.762083630756047E-4,9.042109284092405E-4,0.0019447629430612982,0.003104172147864513,0.0012089274392831123,0.0033921712517770296,0.0018785547702310304,0.0016092061178853197,0,0.002873090710447038,0.0018167333165064832,0.0038836198860695533,0.0010298954229949573,0.001888624906648197,0.0018209912542549004,0.0,0.0,0.0,0.0,0.0,0.0],[0.0,0.03358643508247489,0.057823650609642535,0.0,0.0,0.0,0.0,0.0,0.002108379147154383,0.0239319648593246,4.777577488932584E-4,8.490366115615489E-4,0.0010015513552905147,0.037170766750618804,0.01167794344485862,8.022713753456991E-4,8.279110034868486E-4,0.0017806582392965713,0.002842233152894695,0.001106914656694653,0.003105930062135776,0.0017200369029637184,0.0014734166664181585,0.002873090710447038,0,0.0016634321217318102,0.0035559088438512024,9.429898780789319E-4,0.08041585382257974,0.020103517025864732,0.0,0.0,0.0,0.0,0.0,0.0],[0.0,0.0,0.0,0.0,0.0,0.0,0.0,0.0,0.0013331854182449074,0.0012550756971914847,0.012329103818035626,5.368689173470748E-4,6.333081335484139E-4,0.0019493646371663421,6.124320797298838E-4,5.072979879021043E-4,0.025758649761697314,0.001125958584210002,0.0017972212444833083,0.014632587111686912,0.0019639639646961055,0.053515206313284346,0.0458421541729344,0.0018167333165064832,0.0016634321217318102,0,0.11063436783364379,5.962781204244759E-4,0.0010934563688497455,0.0010542985415343841,0.0,0.004151669533759963,0.0281576550903359,0.0,0.0,0.0],[0.0,0.0,0.0,0.0,0.0,0.0,0.0,0.0,0.002849942451691368,0.002682967770695399,6.457956539899804E-4,0.001147661456240097,0.0013538189887923682,0.0041671450626875476,0.0013091923740792052,0.0010844478581854933,0.05506411070018567,0.002406954894699361,0.003841909047038241,0.0014962408800007327,0.0041983539573572735,0.11439913473103544,0.09799649731124369,0.0038836198860695533,0.0035559088438512024,0.11063436783364379,0,0.0012746601524112066,0.0023374751043704553,0.002253767652387548,0.0,0.0,0.0,0.0,0.0,0.0],[0.0,0.0,0.0,0.0,0.0,0.04196583707318558,0.050499780497171125,0.0,0.0458885104171937,0.12817688424419665,0.08376486955791375,0.07579572843258563,0.07539753033191014,0.0011050833379477338,0.07291216370291377,0.08879458756075453,2.9677508964052085E-4,6.382992934756501E-4,0.0010188341442221,0.28174909187391783,0.0394639342262874,6.165688146578306E-4,5.281646957371698E-4,0.0010298954229949573,9.429898780789319E-4,5.962781204244759E-4,0.0012746601524112066,0,0.07465410259782762,0.008509087110620475,8.873831768630011E-4,7.825376630609586E-4,0.018448876104530883,0.015704608267264202,0.021735953518921144,0.0],[0.0,0.022078028233370735,0.0,0.0,0.0,0.05130470748462044,0.06173775258972178,0.0,0.056562293908096806,0.17156257479724665,0.0895787789027543,0.06721606221050266,0.09239558132643329,0.024434187068707744,0.09638972318517028,0.0845092461306423,0.022210685194915532,0.0011705149053371049,0.001868340704851235,0.08763160906484813,0.0020416817514071106,0.0011306654967346494,9.685497934156468E-4,0.001888624906648197,0.08041585382257974,0.0010934563688497455,0.0023374751043704553,0.07465410259782762,0,0.013215038017496707,0.0018807681333133518,0.0021579794938503816,0.0,0.0,0.017043217060247372,0.0],[0.0,0.021287390726786513,0.0,0.0,0.0,0.0,0.0,0.0,0.0013363100488477636,0.01516829891499837,0.0677267294016742,0.019074354783634416,6.347924386931013E-4,0.02355917302600371,0.007401587706035952,5.084869589154933E-4,5.24737590487135E-4,0.0011285975304523052,0.0018014334511454607,0.009988265470065805,0.001968566971767001,0.0010901751712549539,9.33865002474427E-4,0.0018209912542549004,0.020103517025864732,0.0010542985415343841,0.002253767652387548,0.008509087110620475,0.013215038017496707,0,0.004638725363007155,0.004984172807116627,0.0,0.005919184124833031,0.009589799153229628,0.0],[0.0044774800020336795,0.0,0.019194413341670064,0.0,0.0,0.0,0.0,0.0,0.0,0.0,0.028233966420358653,0.04084459485145567,0.04806705994368285,0.0,0.013947340339361968,8.725632928032877E-4,0.012413024701999982,0.0,0.0019768631562334647,0.014224889934667495,0.0,0.03299934176409482,0.011308232182316498,0.0,0.0,0.0,0.0,8.873831768630011E-4,0.0018807681333133518,0.004638725363007155,0,0.10356008972180504,0.07612677479759423,0.16711245292557644,0.028529931036767254,0.008850571283215347],[0.0,0.0,0.002732722637305598,0.0,0.0,0.0,0.0,0.0,0.0,0.0,0.03610780480858261,0.014016337348426373,0.012161684977578214,0.0,0.018915307288125148,0.002002345381765719,0.015026203234869468,0.0,0.004536476429749677,0.012866960227403593,0.0,0.005709472348381547,0.0,0.0,0.0,0.004151669533759963,0.0,7.825376630609586E-4,0.0021579794938503816,0.004984172807116627,0.10356008972180504,0,0.06587638462778451,0.08611068078404545,0.05179832299220133,0.008386360718357588],[0.0,0.0,0.0013649681396972909,0.0,0.0,0.0,0.0,0.0,0.0,0.0,0.023826416810278438,0.03051363567495503,0.0,0.0,0.0,0.0,0.005858214749738185,0.0,0.0,0.012830867231957303,0.0,0.030575907023083364,0.0,0.0,0.0,0.0281576550903359,0.0,0.018448876104530883,0.0,0.0,0.07612677479759423,0.06587638462778451,0,0.14610364592959518,0.05980579413829747,0.09330876042126333],[0.0,0.0,0.001549239083528978,0.0,0.0,0.0,0.0,0.0,0.0,0.0,0.021068133608416945,0.03804576247198471,0.004810614577993796,0.0,0.020030299389122524,0.0,0.0,0.0,0.0,0.012258708978161423,0.0,0.06359256940173512,0.0,0.0,0.0,0.0,0.0,0.015704608267264202,0.0,0.005919184124833031,0.16711245292557644,0.08611068078404545,0.14610364592959518,0,0.07987693782766736,0.015706438846495994],[0.0,0.0,0.011902221450422398,0.0,0.0,0.0,0.0,0.026964939416218355,0.0,0.0,0.04107363744480119,0.0,0.0,0.0,0.007248060918680033,0.0,0.003580394549189378,0.013325586102322191,0.0,0.01248907084750377,0.0,0.0326578115936769,0.023770251830371725,0.0,0.0,0.0,0.0,0.021735953518921144,0.017043217060247372,0.009589799153229628,0.028529931036767254,0.05179832299220133,0.05980579413829747,0.07987693782766736,0,0.006106216757628604],[0.0,0.0,0.0,0.0,0.0,0.0,0.0,0.0,0.0,0.0,0.0,0.0,0.0,0.0,0.0,0.0,0.0,0.0,0.0,0.0,0.0,0.0,0.0,0.0,0.0,0.0,0.0,0.0,0.0,0.0,0.008850571283215347,0.008386360718357588,0.09330876042126333,0.015706438846495994,0.006106216757628604,0]]